200 34.4 82 98
205 35.26 86 103
210 38.026 89 106
215 37.8378 89 114
200 34.4 82 88
210 38.026 89 96
200 34.4 82 78
210 38.026 89 86
200 34.4 82 48
210 38.026 89 56
200 34.4 82 108
210 38.026 89 116
200 34.4 82 118
210 38.026 89 126
200 34.4 82 148
210 38.026 89 156
200 34.4 72 98
210 38.026 79 106
200 34.4 62 98
210 38.026 69 106
200 34.4 92 98
210 38.026 99 106
200 34.4 102 98
210 38.026 109 106
200 34.4 132 98
210 38.026 139 106
210 36.12 86.1 102.9
215 37.9045 92.45 110.725
220 41.8286 97.9 116.6
225 42.567525 100.125 128.25
220 37.84 90.2 107.8
225 39.6675 96.75 115.875
230 43.7299 102.35 121.9
235 44.459415 104.575 133.95
240 41.28 98.4 117.6
245 43.1935 105.35 126.175
250 47.5325 111.25 132.5
255 48.243195 113.475 145.35
